8 0.16015625 0.13671875 0.2265625 0.2453125
8 0.8890625 0.134375 0.1953125 0.23671875
11 0.4875 0.153125 0.24375 0.26796875
7 0.7453125 0.51875 0.1796875 0.209375
24 0.76328125 0.33671875 0.09296875 0.08515625
22 0.2390625 0.4734375 0.1796875 0.26171875
24 0.378125 0.446875 0.078125 0.11171875
15 0.46328125 0.628125 0.08203125 0.0921875
7 0.55703125 0.6390625 0.1125 0.1984375
5 0.85234375 0.83671875 0.24375 0.3234375
5 0.1859375 0.88671875 0.28359375 0.20234375
23 0.05703125 0.38984375 0.1140625 0.1921875
14 0.63359375 0.8453125 0.15625 0.20234375
1 0.4390625 0.84453125 0.146875 0.1671875