8 0.09375 0.80625 0.1875 0.3046875
8 0.36875 0.46484375 0.1390625 0.25390625
8 0.65625 0.50390625 0.159375 0.3109375
8 0.51015625 0.734375 0.103125 0.1859375
8 0.53046875 0.25859375 0.07734375 0.13125
8 0.34921875 0.87890625 0.17578125 0.203125
2 0.1140625 0.2703125 0.228125 0.41875
2 0.71640625 0.8515625 0.18359375 0.26171875
8 0.8546875 0.5796875 0.1078125 0.1625
17 0.83359375 0.3234375 0.10859375 0.17734375
9 0.63359375 0.09296875 0.19921875 0.14375
9 0.36484375 0.13046875 0.18984375 0.20390625
8 0.18515625 0.57890625 0.09765625 0.10625